00000000000000000000000000000000000000000000000000000000000000
00000000000000000000000000000000000000000000000000000000000000
00000000000000000000000000000000000000000000000000000000000000
00000000000000000000000000000000000000000000000000000000000000
00000000000000000000000000000000000000000000000000000000000000
00000000000000000000000000000000000000000000000000000000000000
00000000000000000000000000000000000000000000000000000000000000
00000000000000000000000000000000000000000000000000000000000000
0011111111111111111111111111111111111111111111111111111111111
00111111111111111111100000000000000000000000000000000000000000
00111111111111111111100000000000000000000000000000000000000000
00111111111111111111100000000000000000000000000000000000000000
00111111111111111111100000000000000000000000000000000000000000
